00000908077110100443000001020251126                                          
30111010000000000000000000000000000000000000000000000000000000000000000000000
30111020000000000000006470393000000000002933900000000000000000000000006499732
30111020000010000000006470393000000000002933900000000000000000000000006499732
30111020000020000000000000000000000000000000000000000000000000000000000000000
30111020000030000000000000000000000000000000000000000000000000000000000000000
30111030000000000006641258239000000121269312600000000607418770000007793209488
30111030000010000006641187979000000121269311900000000607418300000007793139268
30111030000030000000000021124000000000000000000000000000000290000000000021095
30111030000050000000000000123000000000000000000000000000000010000000000000122
30111030000900000000000049013000000000000000700000000000000170000000000049003
30111030000910000000000000000000000000000000000000000000000000000000000000000
30111040000000000001226273911000000093643614900000012262739110000000936436149
30111040000010000001226273911000000093643614900000012262739110000000936436149
30111040000030000000000000000000000000000000000000000000000000000000000000000
30111040000050000000000000000000000000000000000000000000000000000000000000000
30111040000900000000000000000000000000000000000000000000000000000000000000000
30111050000000000000000000000000000000000000000000000000000000000000000000000
30111050000010000000000000000000000000000000000000000000000000000000000000000
30111050000030000000000000000000000000000000000000000000000000000000000000000
30111050000050000000000000000000000000000000000000000000000000000000000000000
30111050000900000000000000000000000000000000000000000000000000000000000000000
30112010000000000331569693316000000000000000000000000840146700000331485678646
30112010000010000041155743177000000000000000000000000840146700000041071728507
30112010000020000290413950139000000000000000000000000000000000000290413950139
30112020000000000876518825390000000000000000000000000000000000000876518825390
30112020000010000851847738245000000000000000000000000000000000000851847738245
30112020000020000000000000000000000000000000000000000000000000000000000000000
30112020000030000024671087145000000000000000000000000000000000000024671087145
30112030000000000698747808756000000000000000000000000000000000000698747808756
30112030000010000554192250154000000000000000000000000000000000000554192250154
30112030000020000056457108875000000000000000000000000000000000000056457108875
30112030000030000088098449727000000000000000000000000000000000000088098449727
30112040000000000000000000000000000000000000000000000000000000000000000000000
30112040000010000000000000000000000000000000000000000000000000000000000000000
30112050000000000000000000000000000000000000000000000000000000000000000000000
30112050000010000000000000000000000000000000000000000000000000000000000000000
30112050000020000000000000000000000000000000000000000000000000000000000000000
30112050000030000000000000000000000000000000000000000000000000000000000000000
30112050000040000000000000000000000000000000000000000000000000000000000000000
30112060000000000000000000000000000000000000000000000000000000000000000000000
30112060000110000000000000000000000000000000000000000000000000000000000000000
30112060000120000000000000000000000000000000000000000000000000000000000000000
30112060000130000000000000000000000000000000000000000000000000000000000000000
30112060000900000000000000000000000000000000000000000000000000000000000000000
30112070000000000002306711960000000000000000000000000000000000000002306711960
30112070000110000002306711960000000000000000000000000000000000000002306711960
30112070000120000000000000000000000000000000000000000000000000000000000000000
30112070000130000000000000000000000000000000000000000000000000000000000000000
30112070000900000000000000000000000000000000000000000000000000000000000000000
30112090000000000008879448407000000000000000000000000000000000000008879448407
30112090000010000000000000000000000000000000000000000000000000000000000000000
30112090000020000008879448407000000000000000000000000000000000000008879448407
30112090000030000000000000000000000000000000000000000000000000000000000000000
30112090000040000000000000000000000000000000000000000000000000000000000000000
30112090000050000000000000000000000000000000000000000000000000000000000000000
30112090000060000000000000000000000000000000000000000000000000000000000000000
30112090000070000000000000000000000000000000000000000000000000000000000000000
30112090000080000000000000000000000000000000000000000000000000000000000000000
30112090000090000000000000000000000000000000000000000000000000000000000000000
30112090000100000000000000000000000000000000000000000000000000000000000000000
30112100000000000028914379627000000000000000000000000000000000000028914379627
30112100000010000028914379627000000000000000000000000000000000000028914379627
30112100000900000000000000000000000000000000000000000000000000000000000000000
30112110000000000014300594819000000252842301500000023107053090000014518312525
30112110000010000005232162096000000130559732700000010615950980000005476164325
30112110000020000009068432723000000122282568800000012491102110000009042148200
30112110000030000000000000000000000000000000000000000000000000000000000000000
30112110000050000000000000000000000000000000000000000000000000000000000000000
30112110000900000000000000000000000000000000000000000000000000000000000000000
30112120000000000000000000000000000000000000000000000000000000000000000000000
30112120000010000000000000000000000000000000000000000000000000000000000000000
30112120000020000000000000000000000000000000000000000000000000000000000000000
30112120000030000000000000000000000000000000000000000000000000000000000000000
30112120000040000000000000000000000000000000000000000000000000000000000000000
30112120000050000000000000000000000000000000000000000000000000000000000000000
30112130000000000000000000000000000000000000000000000000000000000000000000000
30112130000100000000000000000000000000000000000000000000000000000000000000000
30112130000110000000000000000000000000000000000000000000000000000000000000000
30112130000120000000000000000000000000000000000000000000000000000000000000000
30112130000130000000000000000000000000000000000000000000000000000000000000000
30112130000900000000000000000000000000000000000000000000000000000000000000000
30112170000000000000000000000000000000000000000000000000000000000000000000000
30112170000010000000000000000000000000000000000000000000000000000000000000000
30112170000020000000000000000000000000000000000000000000000000000000000000000
30112180000000000000000000000000000000000000000000000000000000000000000000000
30112180000010000000000000000000000000000000000000000000000000000000000000000
30112200000000000000000000000000000000000000000000000000000000000000000000000
30112200000010000000000000000000000000000000000000000000000000000000000000000
30112200000020000000000000000000000000000000000000000000000000000000000000000
30112200000030000000000000000000000000000000000000000000000000000000000000000
30112200000040000000000000000000000000000000000000000000000000000000000000000
30112210000000000000000000000000000000000000000000000000000000000000000000000
30112210000100000000000000000000000000000000000000000000000000000000000000000
30112210000110000000000000000000000000000000000000000000000000000000000000000
30112210000120000000000000000000000000000000000000000000000000000000000000000
30112220000000000000000000000000000000000000000000000000000000000000000000000
30112220000010000000000000000000000000000000000000000000000000000000000000000
30112240000000000000000000000000000000000000000000000000000000000000000000000
30112240000010000000000000000000000000000000000000000000000000000000000000000
30112240000020000000000000000000000000000000000000000000000000000000000000000
30112340000000000000000000000000000000000000000000000000000000000000000000000
30112340000010000000000000000000000000000000000000000000000000000000000000000
30112340000020000000000000000000000000000000000000000000000000000000000000000
30112340000030000000000000000000000000000000000000000000000000000000000000000
30113010000000000000951632694000010058779286600001011384178250000000401007735
30113010000010000000000000000000010018683931600001001868393160000000000000000
30113010000020000000951578509000000040095226900000009515785090000000400952269
30113010000030000000000000000000000000000000000000000000000000000000000000000
30113010000040000000000000000000000000000000000000000000000000000000000000000
30113010000050000000000000000000000000000000000000000000000000000000000000000
30113010000060000000000000000000000000000000000000000000000000000000000000000
30113010000070000000000000000000000000000000000000000000000000000000000000000
30113010000080000000000000000000000000000000000000000000000000000000000000000
30113010000090000000000000000000000000000000000000000000000000000000000000000
30113010000100000000000000000000000000000000000000000000000000000000000000000
30113010000110000000000000000000000000000000000000000000000000000000000000000
30113010000120000000000000000000000000000000000000000000000000000000000000000
30113010000130000000000000000000000000000000000000000000000000000000000000000
30113010000140000000000000000000000000000000000000000000000000000000000000000
30113010000150000000000000000000000000000000000000000000000000000000000000000
30113010000160000000000000000000000000000000000000000000000000000000000000000
30113010000170000000000000000000000000000000000000000000000000000000000000000
30113010000180000000000000000000000000000000000000000000000000000000000000000
30113010000190000000000054185000000000000128100000000000000000000000000055466
30113010000200000000000000000000000000000000000000000000000000000000000000000
30113010000210000000000000000000000000000000000000000000000000000000000000000
30113020000000000000010109758000000008401467000000000101097580000000084014670
30113020000010000000000000000000000008401467000000000000000000000000084014670
30113020000020000000000000000000000000000000000000000000000000000000000000000
30113020000030000000010109758000000000000000000000000101097580000000000000000
30113020000040000000000000000000000000000000000000000000000000000000000000000
30113030000000000036673524253000000027589074600000000621362380000036887278761
30113030000010000033345050469000000023369396400000000000000020000033578744431
30113030000020000001168180202000000001446558200000000621362220000001120509562
30113030000030000002114786525000000002746327600000000000000140000002142249787
30113030000040000000000000000000000000000000000000000000000000000000000000000
30113030000070000000000000000000000000000000000000000000000000000000000000000
30113030000080000000000000000000000000000000000000000000000000000000000000000
30113030000090000000045507057000000000026792400000000000000000000000045774981
30113030000160000000000000000000000000000000000000000000000000000000000000000
30113030000170000000000000000000000000000000000000000000000000000000000000000
30113030000180000000000000000000000000000000000000000000000000000000000000000
30113040000000000099131117393000009989411540800000991311173930000099894115408
30113040000010000099110883321000009987389308100000991108833210000099873893081
30113040000020000000020234072000000002022232700000000202340720000000020222327
30113040000030000000000000000000000000000000000000000000000000000000000000000
30113050000000000000000000000000000000000000000000000000000000000000000000000
30113050000100000000000000000000000000000000000000000000000000000000000000000
30113050000110000000000000000000000000000000000000000000000000000000000000000
30113050000120000000000000000000000000000000000000000000000000000000000000000
30113070000000000000000000000000000000000000000000000000000000000000000000000
30113070000010000000000000000000000000000000000000000000000000000000000000000
30113070000020000000000000000000000000000000000000000000000000000000000000000
30113070000030000000000000000000000000000000000000000000000000000000000000000
30113070000040000000000000000000000000000000000000000000000000000000000000000
30113070000050000000000000000000000000000000000000000000000000000000000000000
30113080000000000000000000000000000000000000000000000000000000000000000000000
30113080000010000000000000000000000000000000000000000000000000000000000000000
30113080000020000000000000000000000000000000000000000000000000000000000000000
30113080000030000000000000000000000000000000000000000000000000000000000000000
30113090000000000000000000000000000000000000000000000000000000000000000000000
30113090000010000000000000000000000000000000000000000000000000000000000000000
30113090000020000000000000000000000000000000000000000000000000000000000000000
30113090000030000000000000000000000000000000000000000000000000000000000000000
30113090000040000000000000000000000000000000000000000000000000000000000000000
30113140000000000014625285341000000157300354800000003597087340000015838580155
30113140000180000014625285341000000157300354800000003597087340000015838580155
30113140000200000000000000000000000000000000000000000000000000000000000000000
30113140000210000000000000000000000000000000000000000000000000000000000000000
30121010000000000000061553075000000006050433200000000833684700000000084417213
30121010000020000000060504332000000006050433200000000833494640000000083349464
30121010000030000000000000000000000000000000000000000000000000000000000000000
30121010000040000000000000000000000000000000000000000000000000000000000000000
30121010000050000000000000000000000000000000000000000000000000000000000000000
30121010000060000000000000000000000000000000000000000000000000000000000000000
30121010000070000000000000000000000000000000000000000000000000000000000000000
30121010000080000000000000000000000000000000000000000000000000000000000000000
30121010000090000000000000000000000000000000000000000000000000000000000000000
30121010000100000000000000000000000000000000000000000000000000000000000000000
30121010000110000000000000000000000000000000000000000000000000000000000000000
30121010000120000000000000000000000000000000000000000000000000000000000000000
30121010000130000000000000000000000000000000000000000000000000000000000000000
30121010000140000000000000000000000000000000000000000000000000000000000000000
30121010000150000000000000000000000000000000000000000000000000000000000000000
30121010000160000000000000000000000000000000000000000000000000000000000000000
30121010000170000000000000000000000000000000000000000000000000000000000000000
30121010000180000000000000000000000000000000000000000000000000000000000000000
30121010000190000000001048743000000000000000000000000000190060000000001067749
30121010000200000000000000000000000000000000000000000000000000000000000000000
30121010000210000000000000000000000000000000000000000000000000000000000000000
30121010000220000000000000000000000000000000000000000000000000000000000000000
30121010000230000000000000000000000000000000000000000000000000000000000000000
30121010000240000000000000000000000000000000000000000000000000000000000000000
30121010000250000000000000000000000000000000000000000000000000000000000000000
30121010000260000000000000000000000000000000000000000000000000000000000000000
30121030000000000000019191113000000001606423600000000163251830000000019452060
30121030000010000000016064236000000001606423600000000160949700000000016094970
30121030000020000000003126877000000000000000000000000002302130000000003357090
30121030000030000000000000000000000000000000000000000000000000000000000000000
30121030000040000000000000000000000000000000000000000000000000000000000000000
30121040000000000000000000000000000000000000000000000000000000000000000000000
30121070000000000000000000000000000000000000000000000000000000000000000000000
30121070000200000000000000000000000000000000000000000000000000000000000000000
30121070000210000000000000000000000000000000000000000000000000000000000000000
30121070000220000000000000000000000000000000000000000000000000000000000000000
30121080000000000000064156067000000006415606700000000183043460000000018304346
30121080000010000000064156067000000006415606700000000183043460000000018304346
30121080000030000000000000000000000000000000000000000000000000000000000000000
30121080000050000000000000000000000000000000000000000000000000000000000000000
30121080000900000000000000000000000000000000000000000000000000000000000000000
30121090000000000000000000000000000000000000000000000000000000000000000000000
30121090000010000000000000000000000000000000000000000000000000000000000000000
30121090000020000000000000000000000000000000000000000000000000000000000000000
30121090000030000000000000000000000000000000000000000000000000000000000000000
30121090000040000000000000000000000000000000000000000000000000000000000000000
30121090000900000000000000000000000000000000000000000000000000000000000000000
30121110000000000000000000000000000000000000000000000000000000000000000000000
30121110000010000000000000000000000000000000000000000000000000000000000000000
30121110000020000000000000000000000000000000000000000000000000000000000000000
30121110000030000000000000000000000000000000000000000000000000000000000000000
30121110000040000000000000000000000000000000000000000000000000000000000000000
30121130000000000000000000000000000000000000000000000000000000000000000000000
30121130000010000000000000000000000000000000000000000000000000000000000000000
30121130000020000000000000000000000000000000000000000000000000000000000000000
30121130000030000000000000000000000000000000000000000000000000000000000000000
30121130000040000000000000000000000000000000000000000000000000000000000000000
30121140000000000004409503910000000025862310300000001687490180000004319629825
30121140000180000004409503910000000025862310300000001687490180000004319629825
30121140000200000000000000000000000000000000000000000000000000000000000000000
30121140000210000000000000000000000000000000000000000000000000000000000000000
30141010000000000881558096800000000000000010000000000148920000000881572988700
30141010000100000000010000000000000000000000000000000000000000000000010000000
30141010000210000000089999800000000000000000000000000000000000000000089999800
30141010000230000881458097000000000000000010000000000148920000000881472988900
30141020000000000685098456731000000000000016700000000248083590000685123264923
30141030000000000388874593959000000000000000000000000000000000000388874593959
30141040000000000000000000000000000000000000000000000000000000000000000000000
30151010000000000095230412538000000000000000000000000000000000000095230412538
30151010000010000017259755232000000000000000000000000000000000000017259755232
30151010000020000077970657306000000000000000000000000000000000000077970657306
30151020000000000082050747739000000000000000000000000000000000000082050747739
30151020000010000081074540166000000000000000000000000000000000000081074540166
30151020000020000000000000000000000000000000000000000000000000000000000000000
30151020000030000000976207573000000000000000000000000000000000000000976207573
30151020000040000000000000000000000000000000000000000000000000000000000000000
30151030000000000266060384285000000000000000000000000000000000000266060384285
30151030000010000249469374454000000000000000000000000000000000000249469374454
30151030000020000003151208627000000000000000000000000000000000000003151208627
30151030000030000013439801204000000000000000000000000000000000000013439801204
30151040000000000000000000000000000000000000000000000000000000000000000000000
30151040000010000000000000000000000000000000000000000000000000000000000000000
30151050000000000000000000000000000000000000000000000000000000000000000000000
30151060000000000000000000000000000000000000000000000000000000000000000000000
30151060000110000000000000000000000000000000000000000000000000000000000000000
30151060000120000000000000000000000000000000000000000000000000000000000000000
30151060000130000000000000000000000000000000000000000000000000000000000000000
30151060000900000000000000000000000000000000000000000000000000000000000000000
30151070000000000000000000000000000000000000000000000000000000000000000000000
30151070000110000000000000000000000000000000000000000000000000000000000000000
30151070000120000000000000000000000000000000000000000000000000000000000000000
30151070000130000000000000000000000000000000000000000000000000000000000000000
30151070000900000000000000000000000000000000000000000000000000000000000000000
30151100000000000003161647250000000000000000000000000000000000000003161647250
30151100000010000003161647250000000000000000000000000000000000000003161647250
30151100000900000000000000000000000000000000000000000000000000000000000000000
30151130000000000000000000000000000000000000000000000000000000000000000000000
30151130000100000000000000000000000000000000000000000000000000000000000000000
30151130000110000000000000000000000000000000000000000000000000000000000000000
30151130000120000000000000000000000000000000000000000000000000000000000000000
30151130000130000000000000000000000000000000000000000000000000000000000000000
30151130000900000000000000000000000000000000000000000000000000000000000000000
30151170000000000000000000000000000000000000000000000000000000000000000000000
30151170000010000000000000000000000000000000000000000000000000000000000000000
30151170000020000000000000000000000000000000000000000000000000000000000000000
30151180000000000000000000000000000000000000000000000000000000000000000000000
30151180000010000000000000000000000000000000000000000000000000000000000000000
30151190000000000007395977638000000000000000000000000202223270000007416199965
30151190000010000007395977638000000000000000000000000202223270000007416199965
30151190000020000000000000000000000000000000000000000000000000000000000000000
30151190000030000000000000000000000000000000000000000000000000000000000000000
30151220000000000000000000000000000000000000000000000000000000000000000000000
30151220000010000000000000000000000000000000000000000000000000000000000000000
30151240000000000000000000000000000000000000000000000000000000000000000000000
30151240000010000000000000000000000000000000000000000000000000000000000000000
30151240000020000000000000000000000000000000000000000000000000000000000000000
30151300000000000000000000000000000000000000000000000000000000000000000000000
30151300000100000000000000000000000000000000000000000000000000000000000000000
30151300000110000000000000000000000000000000000000000000000000000000000000000
30151300000120000000000000000000000000000000000000000000000000000000000000000
30151310000000000006074389315000000000000000000000000840146700000006158403985
30151310000110000004283187132000000000000000000000000840146700000004367201802
30151310000120000000000000000000000000000000000000000000000000000000000000000
30151310000130000001791202183000000000000000000000000000000000000001791202183
30151310000140000000000000000000000000000000000000000000000000000000000000000
30151320000000000082026954099000000000000002000000002758907460000082302844825
30151320000010000068636106891000000000000000200000002336939640000068869800853
30151320000020000004669484768000000000000000400000000144655820000004683950346
30151320000030000008608795983000000000000001400000000274632760000008636259245
30151320000040000000000000000000000000000000000000000000000000000000000000000
30151320000070000000000000000000000000000000000000000000000000000000000000000
30151320000160000000000000000000000000000000000000000000000000000000000000000
30151320000170000000000000000000000000000000000000000000000000000000000000000
30151320000180000000000000000000000000000000000000000000000000000000000000000
30151320000190000000000000000000000000000000000000000000000000000000000000000
30151320000200000000112566457000000000000000000000000002679240000000112834381
3015133000000-00000232353784100000000364358860000000000001288-000002359972439
30151330000010000008353332423000000000000000000000000000000000000008353332423
3015133000002-00000951497412000000000364358390000000000000000-000009551409959
30151330000030000000118496380000000000000000000000000000000000000000118496380
3015133000004-00000008943184400000000000000290000000000000000-000000089431873
30151330000050000002008442813000000000000000000000000000000000000002008442813
3015133000006-00000321758882100000000000000010000000000000000-000003217588822
30151330000070000000000000000000000000000000000000000000000000000000000000000
30151330000080000000000000000000000000000000000000000000000000000000000000000
30151330000090000000000000000000000000000000000000000000000000000000000000000
30151330000110000000000000000000000000000000000000000000000000000000000000000
30151330000120000000000000000000000000000000000000000000000000000000000000000
30151330000170000000000000000000000000000000000000000000000000000000000000000
30151330000180000000000000000000000000000000000000000000000000000000000000000
30151330000190000000129306914000000000000000000000000000012810000000129308195
30151330000200000000000000000000000000000000000000000000000000000000000000000
30151330000220000000000000000000000000000000000000000000000000000000000000000
30151330000240000000000000000000000000000000000000000000000000000000000000000
30151330000250000000000000000000000000000000000000000000000000000000000000000
30151330000340000000000000000000000000000000000000000000000000000000000000000
30151330000350000000000000000000000000000000000000000000000000000000000000000
30151330000900000000095604769000000000000000000000000000000070000000095604776
3015133000091-00000020672635500000000000000170000000000000000-000000206726372
30151340000000000000441256955000000000000000000000000011577280000000442414683
30151340000010000000203230531000000000000000000000000011577280000000204388259
30151340000020000000238026424000000000000000000000000000000000000000238026424
30152010000000000080679739380000000008401467000000000000000000000080763754050
30152010000010000015008120615000000008401467000000000000000000000015092135285
30152010000020000065671618765000000000000000000000000000000000000065671618765
30152020000000000076623117876000000000000000000000000000000000000076623117876
30152020000010000075832457871000000000000000000000000000000000000075832457871
30152020000020000000000000000000000000000000000000000000000000000000000000000
30152020000030000000790660005000000000000000000000000000000000000000790660005
30152020000040000000000000000000000000000000000000000000000000000000000000000
30152030000000000257354276163000000000000000000000000000000000000257354276163
30152030000010000240779573083000000000000000000000000000000000000240779573083
30152030000020000003151190000000000000000000000000000000000000000003151190000
30152030000030000013423513080000000000000000000000000000000000000013423513080
30152040000000000000000000000000000000000000000000000000000000000000000000000
30152040000010000000000000000000000000000000000000000000000000000000000000000
30152060000000000000000000000000000000000000000000000000000000000000000000000
30152060000110000000000000000000000000000000000000000000000000000000000000000
30152060000120000000000000000000000000000000000000000000000000000000000000000
30152060000130000000000000000000000000000000000000000000000000000000000000000
30152060000900000000000000000000000000000000000000000000000000000000000000000
30152070000000000000000000000000000000000000000000000000000000000000000000000
30152070000110000000000000000000000000000000000000000000000000000000000000000
30152070000120000000000000000000000000000000000000000000000000000000000000000
30152070000130000000000000000000000000000000000000000000000000000000000000000
30152070000900000000000000000000000000000000000000000000000000000000000000000
30152100000000000003012863850000000000000000000000000000000000000003012863850
30152100000010000003012863850000000000000000000000000000000000000003012863850
30152100000900000000000000000000000000000000000000000000000000000000000000000
30152130000000000000000000000000000000000000000000000000000000000000000000000
30152130000100000000000000000000000000000000000000000000000000000000000000000
30152130000110000000000000000000000000000000000000000000000000000000000000000
30152130000120000000000000000000000000000000000000000000000000000000000000000
30152130000130000000000000000000000000000000000000000000000000000000000000000
30152130000900000000000000000000000000000000000000000000000000000000000000000
30152170000000000000000000000000000000000000000000000000000000000000000000000
30152170000010000000000000000000000000000000000000000000000000000000000000000
30152170000020000000000000000000000000000000000000000000000000000000000000000
30152180000000000000000000000000000000000000000000000000000000000000000000000
30152180000010000000000000000000000000000000000000000000000000000000000000000
30152220000000000000000000000000000000000000000000000000000000000000000000000
30152220000010000000000000000000000000000000000000000000000000000000000000000
30152240000000000000000000000000000000000000000000000000000000000000000000000
30152240000010000000000000000000000000000000000000000000000000000000000000000
30152240000020000000000000000000000000000000000000000000000000000000000000000
30152300000000000004952685391000000001658551300000000000000000000004969270904
30152300000010000000000000000000000000000000000000000000000000000000000000000
30152300000020000004632012565000000001609497000000000000000000000004648107535
30152300000030000000005078320000000000001292000000000000000000000000005091240
30152300000040000000000000000000000000000000000000000000000000000000000000000
30152300000050000000232718191000000000040839900000000000000000000000233126590
30152300000060000000009718640000000000005021800000000000000000000000009768858
30152300000070000000050551981000000000000000000000000000000000000000050551981
30152300000080000000003511939000000000000000000000000000000000000000003511939
30152300000190000000019093755000000000001900600000000000000000000000019112761
30152300000200000000000000000000000000000000000000000000000000000000000000000
30152310000000000000000000000000000000000000000000000000000000000000000000000
30152310000010000000000000000000000000000000000000000000000000000000000000000
30152310000020000000000000000000000000000000000000000000000000000000000000000
30152310000030000000000000000000000000000000000000000000000000000000000000000
30152340000000000000000000000000000000000000000000000000000000000000000000000
30152340000010000000000000000000000000000000000000000000000000000000000000000
30152340000020000000000000000000000000000000000000000000000000000000000000000
3015301000000-00004292203328200000006300207660000003167843877-000045459856393
30153010001000000000000000000000000000000000000000000000000000000000000000000
30153010001010000000000000000000000000000000000000000000000000000000000000000
30153010001020000000000000000000000000000000000000000000000000000000000000000
30153010001030000000000000000000000000000000000000000000000000000000000000000
30153010001040000000000000000000000000000000000000000000000000000000000000000
30153010001050000000000000000000000000000000000000000000000000000000000000000
3015301000106-00002513610018600000000000000000000001055557941-000026191658127
30153010001070000016858622073000000000000000000000000023564900000016856265583
30153010001080000000000000000000000000000000000000000000000000000000000000000
30153010001090000000000000000000000000000000000000000000000000000000000000000
3015301000110-00001714880517300000003597087340000000517445607-000017306542046
30153010001110000013057105236000000016874901800000002562666130000012969587641
30153010001120000000000000000000000000000000000000000000000000000000000000000
30153010001130000000000000000000000000000000000000000000000000000000000000000
30153010001140000000000000000000000000000000000000000000000000000000000000000
30153010001150000000000000000000000000000000000000000000000000000000000000000
30153010001160000000000000000000000000000000000000000000000000000000000000000
30153010001170000000000000000000000000000000000000000000000000000000000000000
30153010001180000000000000000000000000000000000000000000000000000000000000000
30153010001190000000000000000000000000000000000000000000000000000000000000000
30153010001200000000000000000000000000000000000000000000000000000000000000000
30153010001210000000000000000000000000000000000000000000000000000000000000000
3015301000122-00009593090080500000000000000000000000916945707-000096847846512
30153010001230000080385059892000000000000000000000000000000000000080385059892
30153010001240000000000000000000000000000000000000000000000000000000000000000
30153010001250000000000000000000000000000000000000000000000000000000000000000
3015301000126-00009977848644500000000000000000000000319068919-000100097555364
30153010001270000090288352564000000000779097100000000000014220000090296142113
30153010001280000000000000000000000000000000000000000000000000000000000000000
30153010001290000000000000000000000000000000000000000000000000000000000000000
30153010001300000000000000000000000000000000000000000000000000000000000000000
30153010001310000000000000000000000000000000000000000000000000000000000000000
30153010001320000000000000000000000000000000000000000000000000000000000000000
30153010001330000000000000000000000000000000000000000000000000000000000000000
30153010001340000000000000000000000000000000000000000000000000000000000000000
30153010001350000000000000000000000000000000000000000000000000000000000000000
30153010001360000000000000000000000000000000000000000000000000000000000000000
30153010001370000000000000000000000000000000000000000000000000000000000000000
3015301000138-00000928233291600000000000000000000000000000000-000009282332916
30153010001390000008514562553000000000000000000000000000000000000008514562553
30153010001400000000000000000000000000000000000000000000000000000000000000000
30153010001410000000000000000000000000000000000000000000000000000000000000000
3015301000142-00000260752855100000000000000000000000000000000-000002607528551
30153010001430000002164493748000000000000000000000000000000000000002164493748
30153010001440000000000000000000000000000000000000000000000000000000000000000
30153010001450000000000000000000000000000000000000000000000000000000000000000
30153010001460000000000000000000000000000000000000000000000000000000000000000
30153010001470000000000000000000000000000000000000000000000000000000000000000
3015301000148-00003946814589100000000000000000000000081396204-000039549542095
30153010001490000039196633903000000007886899400000000000000000000039275502897
3015301000150-00000900477243100000000000000000000000002295351-000009007067782
30153010001510000005609831095000000000000000000000000000000000000005609831095
3015301000152-00002182952322000000000000000000000000000000000-000021829523220
30153010001530000039338517225000000001490162700000000000000000000039353418852
3015301000154-00002679619338000000000000000000000000016509623-000026812703003
30153010001550000008647577427000000000000142200000000000000000000008647578849
30153010001560000000000000000000000000000000000000000000000000000000000000000
30153010001570000000000000000000000000000000000000000000000000000000000000000
30153010001580000000000000000000000000000000000000000000000000000000000000000
30153010001590000000000000000000000000000000000000000000000000000000000000000
30153010001600000000000000000000000000000000000000000000000000000000000000000
30153010001610000000000000000000000000000000000000000000000000000000000000000
30153010001620000000000000000000000000000000000000000000000000000000000000000
30153010001630000000000000000000000000000000000000000000000000000000000000000
30153010001640000000000000000000000000000000000000000000000000000000000000000
30153010001650000000000000000000000000000000000000000000000000000000000000000
30153010001660000000000000000000000000000000000000000000000000000000000000000
30153010001670000000000000000000000000000000000000000000000000000000000000000
30153010001680000000000000000000000000000000000000000000000000000000000000000
30153010001690000000000000000000000000000000000000000000000000000000000000000
30161010000000000234188992982000000675691668400000004737772070000240472132459
30161010000010000107040904781000000350216437700000002713478330000110271721325
30161010000020000097221974356000000155459477600000000000000050000098776569127
30161010000030000024658613408000000167332001500000000004822280000026331451195
30161010000040000000000000000000000000000000000000000000000000000000000000000
30161010000050000000000000000000000000000000000000000000000000000000000000000
30161010000060000000000000000000000000000000000000000000000000000000000000000
3016101000007-00000013130907500000000000000000000000004551467-000000135860542
30161010000090000001218453875000000002683751600000000000000010000001245291390
30161010000100000004180355637000000000000000000000001973956730000003982959964
30161010000130000000000000000000000000000000000000000000000000000000000000000
30161010000170000000000000000000000000000000000000000000000000000000000000000
30161010000180000000000000000000000000000000000000000000000000000000000000000
30161010000210000000000000000000000000000000000000000000000000000000000000000
30161010000220000000000000000000000000000000000000000000000000000000000000000
30161010000240000000000000000000000000000000000000000000000000000000000000000
30161010000340000000000000000000000000000000000000000000000000000000000000000
30161020000000000234188992984000000047377720700000067569166840000240472132461
30161020000010000107040904781000000027134783300000035021643770000110271721325
30161020000020000097221974358000000000000000500000015545947760000098776569129
30161020000030000024658613408000000000048222800000016733200150000026331451195
30161020000040000000000000000000000000000000000000000000000000000000000000000
30161020000050000000000000000000000000000000000000000000000000000000000000000
30161020000060000000000000000000000000000000000000000000000000000000000000000
3016102000007-00000013130907500000000045514670000000000000000-000000135860542
30161020000090000001218453875000000000000000100000000268375160000001245291390
30161020000100000004180355637000000019739567300000000000000000000003982959964
30161020000130000000000000000000000000000000000000000000000000000000000000000
30161020000170000000000000000000000000000000000000000000000000000000000000000
30161020000180000000000000000000000000000000000000000000000000000000000000000
30161020000210000000000000000000000000000000000000000000000000000000000000000
30161020000220000000000000000000000000000000000000000000000000000000000000000
30161020000240000000000000000000000000000000000000000000000000000000000000000
30161020000340000000000000000000000000000000000000000000000000000000000000000
30162010000000000000000000000000000000000000000000000000000000000000000000000
30162010000190000000000000000000000000000000000000000000000000000000000000000
30162020000000000000000000000000000000000000000000000000000000000000000000000
30162020000190000000000000000000000000000000000000000000000000000000000000000
30171010000000020000010000000000000000000000000000000000000000020000010000000
30171020000000020000010000000000000000000000000000000000000000020000010000000
30171030000000002181125860445000218732498526000021811258604440002187324985261
30171050000000000000099999800000000000000000000000000000000000000000099999800
30171050000100000000010000000000000000000000000000000000000000000000010000000
30171050000200000000089999800000000000000000000000000000000000000000089999800
30171060000000000000000000000000000000000000000000000000000000000000000000000
30171070000000000000000000000000000000000000000000000000000000000000000000000
30171070000100000000000000000000000000000000000000000000000000000000000000000
30171070000110000000000000000000000000000000000000000000000000000000000000000
30171070000120000000000000000000000000000000000000000000000000000000000000000
30171080000000000000000000000000000000000000000000000000000000000000000000000
30171080000100000000000000000000000000000000000000000000000000000000000000000
30171080000200000000000000000000000000000000000000000000000000000000000000000
30171090000000000099172340855000009995824287600000991723408530000099958242878
30171090000010000097727591054000009894729760900000977275910500000098947297613
30171090000020000001393031269000000093192078900000013930312680000000931920790
30171090000030000000051718532000000007902447800000000517185350000000079024475
30171130000000000011040988589000000042771006500000000084635030000011460235151
30171130000010000000000000000000000000000000000000000000000000000000000000000
30171130000020000000000000000000000000000000000000000000000000000000000000000
30171130000030000005466689027000000008656941100000000000000000000005553258438
30171130000040000000000000000000000000000000000000000000000000000000000000000
30171130000050000000000000000000000000000000000000000000000000000000000000000
30171130000060000005574299562000000034114065400000000084635030000005906976713
30171130000070000000000000000000000000000000000000000000000000000000000000000
30171140000000000881458097000000000001489200000000000000001000000881472988900
30171140000010000881458097000000000001489200000000000000001000000881472988900
30171150000000000000361268093000000006596746600000000023867170000000424848842
30171150000010000000361263979000000006596746600000000023867170000000424844728
30171150000030000000000000992000000000000000000000000000000000000000000000992
30171150000050000000000001040000000000000000000000000000000000000000000001040
30171150000900000000000002082000000000000000000000000000000000000000000002082
30171160000000000000066706227000000005105002600000000667062270000000051050026
30171160000010000000066706227000000005105002600000000667062270000000051050026
30171160000030000000000000000000000000000000000000000000000000000000000000000
30171160000050000000000000000000000000000000000000000000000000000000000000000
30171160000900000000000000000000000000000000000000000000000000000000000000000
30171170000000000000000000000000000000000000000000000000000000000000000000000
30171170000010000000000000000000000000000000000000000000000000000000000000000
30171170000030000000000000000000000000000000000000000000000000000000000000000
30171170000050000000000000000000000000000000000000000000000000000000000000000
30171170000900000000000000000000000000000000000000000000000000000000000000000
30171180000000000000003489929000000000099786600000000034899290000000000997866
30171180000010000000003489929000000000099786600000000034899290000000000997866
30171180000030000000000000000000000000000000000000000000000000000000000000000
30171180000050000000000000000000000000000000000000000000000000000000000000000
30171180000900000000000000000000000000000000000000000000000000000000000000000
30171190000000000000000000000000000000000000000000000000000000000000000000000
30171190000010000000000000000000000000000000000000000000000000000000000000000
30171400000000000981924896565000000000000000000000000000000000000981924896565
30171400000010000000000000000000000000000000000000000000000000000000000000000
30171400000020000000000000000000000000000000000000000000000000000000000000000
30171400000030000000000000000000000000000000000000000000000000000000000000000
30171400000040000087170024493000000000000000000000000000000000000087170024493
30171400000050000000000000000000000000000000000000000000000000000000000000000
30171400000060000000000000000000000000000000000000000000000000000000000000000
30171400000070000000000000000000000000000000000000000000000000000000000000000
30171400000080000000000000000000000000000000000000000000000000000000000000000
30171400000090000000000000000000000000000000000000000000000000000000000000000
30171400000100000000000000000000000000000000000000000000000000000000000000000
30171400000110000000000000000000000000000000000000000000000000000000000000000
30171400000120000223886972944000000000000000000000000000000000000223886972944
30171400000130000060208426603000000000000000000000000000000000000060208426603
30171400000140000000000000000000000000000000000000000000000000000000000000000
30171400000370000000000000000000000000000000000000000000000000000000000000000
30171400000380000000000000000000000000000000000000000000000000000000000000000
30171400000390000000000000000000000000000000000000000000000000000000000000000
30171400000400000000000000000000000000000000000000000000000000000000000000000
30171400000410000000000000000000000000000000000000000000000000000000000000000
30171400000420000000000000000000000000000000000000000000000000000000000000000
30171400000430000132140374669000000000000000000000000000000000000132140374669
30171400000440000000000000000000000000000000000000000000000000000000000000000
30171400000450000000000000000000000000000000000000000000000000000000000000000
30171400000460000000000000000000000000000000000000000000000000000000000000000
30171400000470000000000000000000000000000000000000000000000000000000000000000
30171400000480000000000000000000000000000000000000000000000000000000000000000
30171400000490000000000000000000000000000000000000000000000000000000000000000
30171400000500000000000000000000000000000000000000000000000000000000000000000
30171400000510000001560993600000000000000000000000000000000000000001560993600
30171400000520000000000000000000000000000000000000000000000000000000000000000
30171400000530000000000000000000000000000000000000000000000000000000000000000
30171400000760000000000000000000000000000000000000000000000000000000000000000
30171400000770000000000000000000000000000000000000000000000000000000000000000
30171400000780000000000000000000000000000000000000000000000000000000000000000
30171400000790000000000000000000000000000000000000000000000000000000000000000
30171400000800000000000000000000000000000000000000000000000000000000000000000
30171400000810000000000000000000000000000000000000000000000000000000000000000
30171400000820000000000000000000000000000000000000000000000000000000000000000
30171400000830000000000000000000000000000000000000000000000000000000000000000
30171400000840000000000000000000000000000000000000000000000000000000000000000
30171400000850000000000000000000000000000000000000000000000000000000000000000
30171400000860000000000000000000000000000000000000000000000000000000000000000
30171400000870000000000000000000000000000000000000000000000000000000000000000
30171400000880000000000000000000000000000000000000000000000000000000000000000
30171400000890000000000000000000000000000000000000000000000000000000000000000
30171400000900000000000000000000000000000000000000000000000000000000000000000
30171400000910000000000000000000000000000000000000000000000000000000000000000
30171400000920000000000000000000000000000000000000000000000000000000000000000
30171400001150000000000000000000000000000000000000000000000000000000000000000
30171400001160000000000000000000000000000000000000000000000000000000000000000
30171400001170000000000000000000000000000000000000000000000000000000000000000
30171400001180000209188000000000000000000000000000000000000000000209188000000
30171400001190000025689754752000000000000000000000000000000000000025689754752
30171400001200000000000000000000000000000000000000000000000000000000000000000
30171400001210000000000000000000000000000000000000000000000000000000000000000
30171400001220000000000000000000000000000000000000000000000000000000000000000
30171400001450000000000000000000000000000000000000000000000000000000000000000
30171400001460000213659138000000000000000000000000000000000000000213659138000
30171400001470000028421211504000000000000000000000000000000000000028421211504
30171400001480000000000000000000000000000000000000000000000000000000000000000
30171400001490000000000000000000000000000000000000000000000000000000000000000
30171400001500000000000000000000000000000000000000000000000000000000000000000
30171400001730000000000000000000000000000000000000000000000000000000000000000
30171400001740000000000000000000000000000000000000000000000000000000000000000
30171400001750000000000000000000000000000000000000000000000000000000000000000
30171400001760000000000000000000000000000000000000000000000000000000000000000
30171400001770000000000000000000000000000000000000000000000000000000000000000
30171400001780000000000000000000000000000000000000000000000000000000000000000
30171400001790000000000000000000000000000000000000000000000000000000000000000
30171400001800000000000000000000000000000000000000000000000000000000000000000
30171400001810000000000000000000000000000000000000000000000000000000000000000
30171400001820000000000000000000000000000000000000000000000000000000000000000
30171400001830000000000000000000000000000000000000000000000000000000000000000
30171400001840000000000000000000000000000000000000000000000000000000000000000
30171400001850000000000000000000000000000000000000000000000000000000000000000
30171400001860000000000000000000000000000000000000000000000000000000000000000
30171410000000000765803636102000000321488700000000000000000000000769018523102
30171410000010000000000000000000000000000000000000000000000000000000000000000
30171410000020000000000000000000000000000000000000000000000000000000000000000
30171410000030000000000000000000000000000000000000000000000000000000000000000
30171410000040000001447867453000000000000000000000000000000000000001447867453
30171410000050000000000000000000000000000000000000000000000000000000000000000
30171410000060000000000000000000000000000000000000000000000000000000000000000
30171410000070000000000000000000000000000000000000000000000000000000000000000
30171410000080000000000000000000000000000000000000000000000000000000000000000
30171410000090000000000000000000000000000000000000000000000000000000000000000
30171410000100000000000000000000000000000000000000000000000000000000000000000
30171410000110000000000000000000000000000000000000000000000000000000000000000
30171410000120000091586370021000000000000000000000000000000000000091586370021
30171410000130000049127435064000000000000000000000000000000000000049127435064
30171410000140000000000000000000000000000000000000000000000000000000000000000
30171410000370000014661353148000000000000000000000000000000000000014661353148
30171410000380000000000000000000000000000000000000000000000000000000000000000
30171410000390000000000000000000000000000000000000000000000000000000000000000
30171410000400000000000000000000000000000000000000000000000000000000000000000
30171410000410000000000000000000000000000000000000000000000000000000000000000
30171410000420000000000000000000000000000000000000000000000000000000000000000
30171410000430000000000000000000000000000000000000000000000000000000000000000
30171410000440000000000000000000000000000000000000000000000000000000000000000
30171410000450000000000000000000000000000000000000000000000000000000000000000
30171410000460000000000000000000000000000000000000000000000000000000000000000
30171410000470000000000000000000000000000000000000000000000000000000000000000
30171410000480000000000000000000000000000000000000000000000000000000000000000
30171410000490000000000000000000000000000000000000000000000000000000000000000
30171410000500000000000000000000000000000000000000000000000000000000000000000
30171410000510000128226922963000000321488700000000000000000000000131441809963
30171410000520000003001749469000000000000000000000000000000000000003001749469
30171410000530000000793833728000000000000000000000000000000000000000793833728
30171410000760000000000000000000000000000000000000000000000000000000000000000
30171410000770000000000000000000000000000000000000000000000000000000000000000
30171410000780000000000000000000000000000000000000000000000000000000000000000
30171410000790000000000000000000000000000000000000000000000000000000000000000
30171410000800000000000000000000000000000000000000000000000000000000000000000
30171410000810000000000000000000000000000000000000000000000000000000000000000
30171410000820000000000000000000000000000000000000000000000000000000000000000
30171410000830000000000000000000000000000000000000000000000000000000000000000
30171410000840000000000000000000000000000000000000000000000000000000000000000
30171410000850000000000000000000000000000000000000000000000000000000000000000
30171410000860000000000000000000000000000000000000000000000000000000000000000
30171410000870000000000000000000000000000000000000000000000000000000000000000
30171410000880000000000000000000000000000000000000000000000000000000000000000
30171410000890000000000000000000000000000000000000000000000000000000000000000
30171410000900000000000000000000000000000000000000000000000000000000000000000
30171410000910000000000000000000000000000000000000000000000000000000000000000
30171410000920000000000000000000000000000000000000000000000000000000000000000
30171410001150000000000000000000000000000000000000000000000000000000000000000
30171410001160000000000000000000000000000000000000000000000000000000000000000
30171410001170000000000000000000000000000000000000000000000000000000000000000
30171410001180000213659138000000000000000000000000000000000000000213659138000
30171410001190000028421211504000000000000000000000000000000000000028421211504
30171410001200000000000000000000000000000000000000000000000000000000000000000
30171410001210000000000000000000000000000000000000000000000000000000000000000
30171410001220000000000000000000000000000000000000000000000000000000000000000
30171410001450000000000000000000000000000000000000000000000000000000000000000
30171410001460000209188000000000000000000000000000000000000000000209188000000
30171410001470000025689754752000000000000000000000000000000000000025689754752
30171410001480000000000000000000000000000000000000000000000000000000000000000
30171410001490000000000000000000000000000000000000000000000000000000000000000
30171410001500000000000000000000000000000000000000000000000000000000000000000
30171410001730000000000000000000000000000000000000000000000000000000000000000
30171410001740000000000000000000000000000000000000000000000000000000000000000
30171410001750000000000000000000000000000000000000000000000000000000000000000
30171410001760000000000000000000000000000000000000000000000000000000000000000
30171410001770000000000000000000000000000000000000000000000000000000000000000
30171410001780000000000000000000000000000000000000000000000000000000000000000
30171410001790000000000000000000000000000000000000000000000000000000000000000
30171410001800000000000000000000000000000000000000000000000000000000000000000
30171410001810000000000000000000000000000000000000000000000000000000000000000
30171410001820000000000000000000000000000000000000000000000000000000000000000
30171410001830000000000000000000000000000000000000000000000000000000000000000
30171410001840000000000000000000000000000000000000000000000000000000000000000
30171410001850000000000000000000000000000000000000000000000000000000000000000
30172010000000020000010000000000000000000000000000000000000000020000010000000
30172020000000020000010000000000000000000000000000000000000000020000010000000
30172030000000002181125860445000218112586044400021873249852600002187324985261
30172050000000000000099999800000000000000000000000000000000000000000099999800
30172050000100000000010000000000000000000000000000000000000000000000010000000
30172050000200000000089999800000000000000000000000000000000000000000089999800
30172060000000000000000000000000000000000000000000000000000000000000000000000
30172070000000000000000000000000000000000000000000000000000000000000000000000
30172070000100000000000000000000000000000000000000000000000000000000000000000
30172070000110000000000000000000000000000000000000000000000000000000000000000
30172070000120000000000000000000000000000000000000000000000000000000000000000
30172080000000000000000000000000000000000000000000000000000000000000000000000
30172080000100000000000000000000000000000000000000000000000000000000000000000
30172080000200000000000000000000000000000000000000000000000000000000000000000
30172090000000000099172340855000009917234085300000999582428760000099958242878
30172090000010000097727591054000009772759105000000989472976090000098947297613
30172090000020000001393031269000000139303126800000009319207890000000931920790
30172090000030000000051718532000000005171853500000000790244780000000079024475
30172130000000000011040988589000000000846350300000004277100650000011460235151
30172130000010000000000000000000000000000000000000000000000000000000000000000
30172130000020000000000000000000000000000000000000000000000000000000000000000
30172130000030000005466689027000000000000000000000000865694110000005553258438
30172130000040000000000000000000000000000000000000000000000000000000000000000
30172130000050000000000000000000000000000000000000000000000000000000000000000
30172130000060000005574299562000000000846350300000003411406540000005906976713
30172130000070000000000000000000000000000000000000000000000000000000000000000
30172140000000000881458097000000000000000010000000000148920000000881472988900
30172140000010000881458097000000000000000010000000000148920000000881472988900
30172150000000000000361268093000000000238671700000000659674660000000424848842
30172150000010000000361263979000000000238671700000000659674660000000424844728
30172150000030000000000000992000000000000000000000000000000000000000000000992
30172150000050000000000001040000000000000000000000000000000000000000000001040
30172150000900000000000002082000000000000000000000000000000000000000000002082
30172160000000000000066706227000000006670622700000000510500260000000051050026
30172160000010000000066706227000000006670622700000000510500260000000051050026
30172160000030000000000000000000000000000000000000000000000000000000000000000
30172160000050000000000000000000000000000000000000000000000000000000000000000
30172160000900000000000000000000000000000000000000000000000000000000000000000
30172170000000000000000000000000000000000000000000000000000000000000000000000
30172170000010000000000000000000000000000000000000000000000000000000000000000
30172170000030000000000000000000000000000000000000000000000000000000000000000
30172170000050000000000000000000000000000000000000000000000000000000000000000
30172170000900000000000000000000000000000000000000000000000000000000000000000
30172180000000000000003489929000000000348992900000000009978660000000000997866
30172180000010000000003489929000000000348992900000000009978660000000000997866
30172180000030000000000000000000000000000000000000000000000000000000000000000
30172180000050000000000000000000000000000000000000000000000000000000000000000
30172180000900000000000000000000000000000000000000000000000000000000000000000
30172190000000000000000000000000000000000000000000000000000000000000000000000
30172190000010000000000000000000000000000000000000000000000000000000000000000
30172400000000000981924896565000000000000000000000000000000000000981924896565
30172400000010000000000000000000000000000000000000000000000000000000000000000
30172400000020000000000000000000000000000000000000000000000000000000000000000
30172400000030000000000000000000000000000000000000000000000000000000000000000
30172400000040000087170024493000000000000000000000000000000000000087170024493
30172400000050000000000000000000000000000000000000000000000000000000000000000
30172400000060000000000000000000000000000000000000000000000000000000000000000
30172400000070000000000000000000000000000000000000000000000000000000000000000
30172400000080000000000000000000000000000000000000000000000000000000000000000
30172400000090000000000000000000000000000000000000000000000000000000000000000
30172400000100000000000000000000000000000000000000000000000000000000000000000
30172400000110000000000000000000000000000000000000000000000000000000000000000
30172400000120000223886972944000000000000000000000000000000000000223886972944
30172400000130000060208426603000000000000000000000000000000000000060208426603
30172400000140000000000000000000000000000000000000000000000000000000000000000
30172400000370000000000000000000000000000000000000000000000000000000000000000
30172400000380000000000000000000000000000000000000000000000000000000000000000
30172400000390000000000000000000000000000000000000000000000000000000000000000
30172400000400000000000000000000000000000000000000000000000000000000000000000
30172400000410000000000000000000000000000000000000000000000000000000000000000
30172400000420000000000000000000000000000000000000000000000000000000000000000
30172400000430000132140374669000000000000000000000000000000000000132140374669
30172400000440000000000000000000000000000000000000000000000000000000000000000
30172400000450000000000000000000000000000000000000000000000000000000000000000
30172400000460000000000000000000000000000000000000000000000000000000000000000
30172400000470000000000000000000000000000000000000000000000000000000000000000
30172400000480000000000000000000000000000000000000000000000000000000000000000
30172400000490000000000000000000000000000000000000000000000000000000000000000
30172400000500000000000000000000000000000000000000000000000000000000000000000
30172400000510000001560993600000000000000000000000000000000000000001560993600
30172400000520000000000000000000000000000000000000000000000000000000000000000
30172400000530000000000000000000000000000000000000000000000000000000000000000
30172400000760000000000000000000000000000000000000000000000000000000000000000
30172400000770000000000000000000000000000000000000000000000000000000000000000
30172400000780000000000000000000000000000000000000000000000000000000000000000
30172400000790000000000000000000000000000000000000000000000000000000000000000
30172400000800000000000000000000000000000000000000000000000000000000000000000
30172400000810000000000000000000000000000000000000000000000000000000000000000
30172400000820000000000000000000000000000000000000000000000000000000000000000
30172400000830000000000000000000000000000000000000000000000000000000000000000
30172400000840000000000000000000000000000000000000000000000000000000000000000
30172400000850000000000000000000000000000000000000000000000000000000000000000
30172400000860000000000000000000000000000000000000000000000000000000000000000
30172400000870000000000000000000000000000000000000000000000000000000000000000
30172400000880000000000000000000000000000000000000000000000000000000000000000
30172400000890000000000000000000000000000000000000000000000000000000000000000
30172400000900000000000000000000000000000000000000000000000000000000000000000
30172400000910000000000000000000000000000000000000000000000000000000000000000
30172400000920000000000000000000000000000000000000000000000000000000000000000
30172400001150000000000000000000000000000000000000000000000000000000000000000
30172400001160000000000000000000000000000000000000000000000000000000000000000
30172400001170000000000000000000000000000000000000000000000000000000000000000
30172400001180000209188000000000000000000000000000000000000000000209188000000
30172400001190000025689754752000000000000000000000000000000000000025689754752
30172400001200000000000000000000000000000000000000000000000000000000000000000
30172400001210000000000000000000000000000000000000000000000000000000000000000
30172400001220000000000000000000000000000000000000000000000000000000000000000
30172400001450000000000000000000000000000000000000000000000000000000000000000
30172400001460000213659138000000000000000000000000000000000000000213659138000
30172400001470000028421211504000000000000000000000000000000000000028421211504
30172400001480000000000000000000000000000000000000000000000000000000000000000
30172400001490000000000000000000000000000000000000000000000000000000000000000
30172400001500000000000000000000000000000000000000000000000000000000000000000
30172400001730000000000000000000000000000000000000000000000000000000000000000
30172400001740000000000000000000000000000000000000000000000000000000000000000
30172400001750000000000000000000000000000000000000000000000000000000000000000
30172400001760000000000000000000000000000000000000000000000000000000000000000
30172400001770000000000000000000000000000000000000000000000000000000000000000
30172400001780000000000000000000000000000000000000000000000000000000000000000
30172400001790000000000000000000000000000000000000000000000000000000000000000
30172400001800000000000000000000000000000000000000000000000000000000000000000
30172400001810000000000000000000000000000000000000000000000000000000000000000
30172400001820000000000000000000000000000000000000000000000000000000000000000
30172400001830000000000000000000000000000000000000000000000000000000000000000
30172400001840000000000000000000000000000000000000000000000000000000000000000
30172400001850000000000000000000000000000000000000000000000000000000000000000
30172400001860000000000000000000000000000000000000000000000000000000000000000
30172410000000000765803636102000000000000000000000032148870000000769018523102
30172410000010000000000000000000000000000000000000000000000000000000000000000
30172410000020000000000000000000000000000000000000000000000000000000000000000
30172410000030000000000000000000000000000000000000000000000000000000000000000
30172410000040000001447867453000000000000000000000000000000000000001447867453
30172410000050000000000000000000000000000000000000000000000000000000000000000
30172410000060000000000000000000000000000000000000000000000000000000000000000
30172410000070000000000000000000000000000000000000000000000000000000000000000
30172410000080000000000000000000000000000000000000000000000000000000000000000
30172410000090000000000000000000000000000000000000000000000000000000000000000
30172410000100000000000000000000000000000000000000000000000000000000000000000
30172410000110000000000000000000000000000000000000000000000000000000000000000
30172410000120000091586370021000000000000000000000000000000000000091586370021
30172410000130000049127435064000000000000000000000000000000000000049127435064
30172410000140000000000000000000000000000000000000000000000000000000000000000
30172410000370000014661353148000000000000000000000000000000000000014661353148
30172410000380000000000000000000000000000000000000000000000000000000000000000
30172410000390000000000000000000000000000000000000000000000000000000000000000
30172410000400000000000000000000000000000000000000000000000000000000000000000
30172410000410000000000000000000000000000000000000000000000000000000000000000
30172410000420000000000000000000000000000000000000000000000000000000000000000
30172410000430000000000000000000000000000000000000000000000000000000000000000
30172410000440000000000000000000000000000000000000000000000000000000000000000
30172410000450000000000000000000000000000000000000000000000000000000000000000
30172410000460000000000000000000000000000000000000000000000000000000000000000
30172410000470000000000000000000000000000000000000000000000000000000000000000
30172410000480000000000000000000000000000000000000000000000000000000000000000
30172410000490000000000000000000000000000000000000000000000000000000000000000
30172410000500000000000000000000000000000000000000000000000000000000000000000
30172410000510000128226922963000000000000000000000032148870000000131441809963
30172410000520000003001749469000000000000000000000000000000000000003001749469
30172410000530000000793833728000000000000000000000000000000000000000793833728
30172410000760000000000000000000000000000000000000000000000000000000000000000
30172410000770000000000000000000000000000000000000000000000000000000000000000
30172410000780000000000000000000000000000000000000000000000000000000000000000
30172410000790000000000000000000000000000000000000000000000000000000000000000
30172410000800000000000000000000000000000000000000000000000000000000000000000
30172410000810000000000000000000000000000000000000000000000000000000000000000
30172410000820000000000000000000000000000000000000000000000000000000000000000
30172410000830000000000000000000000000000000000000000000000000000000000000000
30172410000840000000000000000000000000000000000000000000000000000000000000000
30172410000850000000000000000000000000000000000000000000000000000000000000000
30172410000860000000000000000000000000000000000000000000000000000000000000000
30172410000870000000000000000000000000000000000000000000000000000000000000000
30172410000880000000000000000000000000000000000000000000000000000000000000000
30172410000890000000000000000000000000000000000000000000000000000000000000000
30172410000900000000000000000000000000000000000000000000000000000000000000000
30172410000910000000000000000000000000000000000000000000000000000000000000000
30172410000920000000000000000000000000000000000000000000000000000000000000000
30172410001150000000000000000000000000000000000000000000000000000000000000000
30172410001160000000000000000000000000000000000000000000000000000000000000000
30172410001170000000000000000000000000000000000000000000000000000000000000000
30172410001180000213659138000000000000000000000000000000000000000213659138000
30172410001190000028421211504000000000000000000000000000000000000028421211504
30172410001200000000000000000000000000000000000000000000000000000000000000000
30172410001210000000000000000000000000000000000000000000000000000000000000000
30172410001220000000000000000000000000000000000000000000000000000000000000000
30172410001450000000000000000000000000000000000000000000000000000000000000000
30172410001460000209188000000000000000000000000000000000000000000209188000000
30172410001470000025689754752000000000000000000000000000000000000025689754752
30172410001480000000000000000000000000000000000000000000000000000000000000000
30172410001490000000000000000000000000000000000000000000000000000000000000000
30172410001500000000000000000000000000000000000000000000000000000000000000000
30172410001730000000000000000000000000000000000000000000000000000000000000000
30172410001740000000000000000000000000000000000000000000000000000000000000000
30172410001750000000000000000000000000000000000000000000000000000000000000000
30172410001760000000000000000000000000000000000000000000000000000000000000000
30172410001770000000000000000000000000000000000000000000000000000000000000000
30172410001780000000000000000000000000000000000000000000000000000000000000000
30172410001790000000000000000000000000000000000000000000000000000000000000000
30172410001800000000000000000000000000000000000000000000000000000000000000000
30172410001810000000000000000000000000000000000000000000000000000000000000000
30172410001820000000000000000000000000000000000000000000000000000000000000000
30172410001830000000000000000000000000000000000000000000000000000000000000000
30172410001840000000000000000000000000000000000000000000000000000000000000000
30172410001850000000000000000000000000000000000000000000000000000000000000000